<?
$arr = array(
array(3750,5625,7500,9375,11250,13125,15000,16875,18750,20625,22500,24375,26250,28125,30000,31875,33750,35625,37500,39375,41250,43125,45000,46875,48750,50625,52500,54375,56250,58125,60000,61875,63750,65625,67500,69375,71250,73125,75000,76875,78750,80625,82500,84375,86250,88125,90000,91875,93750,95625,97500,99375,101250,103125,105000,106875,108750,110625,112500),
array(3500,5250,7000,8750,10500,12250,14000,15750,17500,19250,21000,22750,24500,26250,28000,29750,31500,33250,35000,36750,38500,40250,42000,43750,45500,47250,49000,50750,52500,54250,56000,57750,59500,61250,63000,64750,66500,68250,70000,71750,73500,75250,77000,78750,80500,82250,84000,85750,87500,89250,91000,92750,94500,96250,98000,99750,101500,103250,105000),
array(3250,4875,6500,8125,9750,11375,13000,14625,16250,17875,19500,21125,22750,24375,26000,27625,29250,30875,32500,34125,35750,37375,39000,40625,42250,43875,45500,47125,48750,50375,52000,53625,55250,56875,58500,60125,61750,63375,65000,66625,68250,69875,71500,73125,74750,76375,78000,79625,81250,82875,84500,86125,87750,89375,91000,92625,94250,95875,97500),
array(3000,4500,6000,7500,9000,10500,12000,13500,15000,16500,18000,19500,21000,22500,24000,25500,27000,28500,30000,31500,33000,34500,36000,37500,39000,40500,42000,43500,45000,46500,48000,49500,51000,52500,54000,55500,57000,58500,60000,61500,63000,64500,66000,67500,69000,70500,72000,73500,75000,76500,78000,79500,81000,82500,84000,85500,87000,88500,90000),
array(2750,4125,5500,6875,8250,9625,11000,12375,13750,15125,16500,17875,19250,20625,22000,23375,24750,26125,27500,28875,30250,31625,33000,34375,35750,37125,38500,39875,41250,42625,44000,45375,46750,48125,49500,50875,52250,53625,55000,56375,57750,59125,60500,61875,63250,64625,66000,67375,68750,70125,71500,72875,74250,75625,77000,78375,79750,81125,82500),
array(2500,3750,5000,6250,7500,8750,10000,11250,12500,13750,15000,16250,17500,18750,20000,21250,22500,23750,25000,26250,27500,28750,30000,31250,32500,33750,35000,36250,37500,38750,40000,41250,42500,43750,45000,46250,47500,48750,50000,51250,52500,53750,55000,56250,57500,58750,60000,61250,62500,63750,65000,66250,67500,68750,70000,71250,72500,73750,75000),
array(2250,3375,4500,5625,6750,7875,9000,10125,11250,12375,13500,14625,15750,16875,18000,19125,20250,21375,22500,23625,24750,25875,27000,28125,29250,30375,31500,32625,33750,34875,36000,37125,38250,39375,40500,41625,42750,43875,45000,46125,47250,48375,49500,50625,51750,52875,54000,55125,56250,57375,58500,59625,60750,61875,63000,64125,65250,66375,67500),
array(2000,3000,4000,5000,6000,7000,8000,9000,10000,11000,12000,13000,14000,15000,16000,17000,18000,19000,20000,21000,22000,23000,24000,25000,26000,27000,28000,29000,30000,31000,32000,33000,34000,35000,36000,37000,38000,39000,40000,41000,42000,43000,44000,45000,46000,47000,48000,49000,50000,51000,52000,53000,54000,55000,56000,57000,58000,59000,60000),
array(1750,2625,3500,4375,5250,6125,7000,7875,8750,9625,10500,11375,12250,13125,14000,14875,15750,16625,17500,18375,19250,20125,21000,21875,22750,23625,24500,25375,26250,27125,28000,28875,29750,30625,31500,32375,33250,34125,35000,35875,36750,37625,38500,39375,40250,41125,42000,42875,43750,44625,45500,46375,47250,48125,49000,49875,50750,51625,52500),
array(1500,2250,3000,3750,4500,5250,6000,6750,7500,8250,9000,9750,10500,11250,12000,12750,13500,14250,15000,15750,16500,17250,18000,18750,19500,20250,21000,21750,22500,23250,24000,24750,25500,26250,27000,27750,28500,29250,30000,30750,31500,32250,33000,33750,34500,35250,36000,36750,37500,38250,39000,39750,40500,41250,42000,42750,43500,44250,45000),
array(1500,1875,2500,3125,3750,4375,5000,5625,6250,6875,7500,8125,8750,9375,10000,10625,11250,11875,12500,13125,13750,14375,15000,15625,16250,16875,17500,18125,18750,19375,20000,20625,21250,21875,22500,23125,23750,24375,25000,25625,26250,26875,27500,28125,28750,29375,30000,30625,31250,31875,32500,33125,33750,34375,35000,35625,36250,36875,37500),
array(1500,1500,2000,2500,3000,3500,4000,4500,5000,5500,6000,6500,7000,7500,8000,8500,9000,9500,10000,10500,11000,11500,12000,12500,13000,13500,14000,14500,15000,15500,16000,16500,17000,17500,18000,18500,19000,19500,20000,20500,21000,21500,22000,22500,23000,23500,24000,24500,25000,25500,26000,26500,27000,27500,28000,28500,29000,29500,30000),
array(1500,1500,1500,1875,2250,2625,3000,3375,3750,4125,4500,4875,5250,5625,6000,6375,6750,7125,7500,7875,8250,8625,9000,9375,9750,10125,10500,10875,11250,11625,12000,12375,12750,13125,13500,13875,14250,14625,15000,15375,15750,16125,16500,16875,17250,17625,18000,18375,18750,19125,19500,19875,20250,20625,21000,21375,21750,22125,22500),
array(1500,1500,1500,1500,1500,1750,2000,2250,2500,2750,3000,3250,3500,3750,4000,4250,4500,4750,5000,5250,5500,5750,6000,6250,6500,6750,7000,7250,7500,7750,8000,8250,8500,8750,9000,9250,9500,9750,10000,10250,10500,10750,11000,11250,11500,11750,12000,12250,12500,12750,13000,13250,13500,13750,14000,14250,14500,14750,15000));


$array_h = array (1.5,1.4,1.3,1.2,1.1,1.0,0.9,0.8,0.7,0.6,0.5,0.4,0.3,0.2);


$array_w = array(0.2,0.3,0.4,0.5,0.6,0.7,0.8,0.9,1,1.1,1.2,1.3,1.4,1.5,1.6,1.7,1.8,1.9,2.0,2.1,2.2,2.3,2.4,2.5,2.6,2.7,2.8,2.9,3.0,3.1,3.2,3.3,3.4,3.5,3.6,3.7,3.8,3.9,4.0,4.1,4.2,4.3,4.4,4.5,4.6,4.7,4.8,4.9,5.0,5.1,5.2,5.3,5.4,5.5,5.6,5.7,5.8,5.9,6.0);