<?
$arr = array(
array(4500,6750,9000,11250,13500,15750,18000,20250,22500,24750,27000,29250,31500,33750,36000,38250,40500,42750,45000,47250,49500,51750,54000,56250,58500,60750,63000,65250,67500,69750,72000,74250,76500,78750,81000,83250,85500,87750,90000,92250,94500,96750,99000,101250,103500,105750,108000,110250,112500,114750,117000,119250,121500,123750,126000,128250,130500,132750,135000),
array(4200,6300,8400,10500,12600,14700,16800,18900,21000,23100,25200,27300,29400,31500,33600,35700,37800,39900,42000,44100,46200,48300,50400,52500,54600,56700,58800,60900,63000,65100,67200,69300,71400,73500,75600,77700,79800,81900,84000,86100,88200,90300,92400,94500,96600,98700,100800,102900,105000,107100,109200,111300,113400,115500,117600,119700,121800,123900,126000),
array(3900,5850,7800,9750,11700,13650,15600,17550,19500,21450,23400,25350,27300,29250,31200,33150,35100,37050,39000,40950,42900,44850,46800,48750,50700,52650,54600,56550,58500,60450,62400,64350,66300,68250,70200,72150,74100,76050,78000,79950,81900,83850,85800,87750,89700,91650,93600,95550,97500,99450,101400,103350,105300,107250,109200,111150,113100,115050,117000),
array(3600,5400,7200,9000,10800,12600,14400,16200,18000,19800,21600,23400,25200,27000,28800,30600,32400,34200,36000,37800,39600,41400,43200,45000,46800,48600,50400,52200,54000,55800,57600,59400,61200,63000,64800,66600,68400,70200,72000,73800,75600,77400,79200,81000,82800,84600,86400,88200,90000,91800,93600,95400,97200,99000,100800,102600,104400,106200,108000),
array(3300,4950,6600,8250,9900,11550,13200,14850,16500,18150,19800,21450,23100,24750,26400,28050,29700,31350,33000,34650,36300,37950,39600,41250,42900,44550,46200,47850,49500,51150,52800,54450,56100,57750,59400,61050,62700,64350,66000,67650,69300,70950,72600,74250,75900,77550,79200,80850,82500,84150,85800,87450,89100,90750,92400,94050,95700,97350,99000),
array(3000,4500,6000,7500,9000,10500,12000,13500,15000,16500,18000,19500,21000,22500,24000,25500,27000,28500,30000,31500,33000,34500,36000,37500,39000,40500,42000,43500,45000,46500,48000,49500,51000,52500,54000,55500,57000,58500,60000,61500,63000,64500,66000,67500,69000,70500,72000,73500,75000,76500,78000,79500,81000,82500,84000,85500,87000,88500,90000),
array(2700,4050,5400,6750,8100,9450,10800,12150,13500,14850,16200,17550,18900,20250,21600,22950,24300,25650,27000,28350,29700,31050,32400,33750,35100,36450,37800,39150,40500,41850,43200,44550,45900,47250,48600,49950,51300,52650,54000,55350,56700,58050,59400,60750,62100,63450,64800,66150,67500,68850,70200,71550,72900,74250,75600,76950,78300,79650,81000),
array(2400,3600,4800,6000,7200,8400,9600,10800,12000,13200,14400,15600,16800,18000,19200,20400,21600,22800,24000,25200,26400,27600,28800,30000,31200,32400,33600,34800,36000,37200,38400,39600,40800,42000,43200,44400,45600,46800,48000,49200,50400,51600,52800,54000,55200,56400,57600,58800,60000,61200,62400,63600,64800,66000,67200,68400,69600,70800,72000),
array(2100,3150,4200,5250,6300,7350,8400,9450,10500,11550,12600,13650,14700,15750,16800,17850,18900,19950,21000,22050,23100,24150,25200,26250,27300,28350,29400,30450,31500,32550,33600,34650,35700,36750,37800,38850,39900,40950,42000,43050,44100,45150,46200,47250,48300,49350,50400,51450,52500,53550,54600,55650,56700,57750,58800,59850,60900,61950,63000),
array(1800,2700,3600,4500,5400,6300,7200,8100,9000,9900,10800,11700,12600,13500,14400,15300,16200,17100,18000,18900,19800,20700,21600,22500,23400,24300,25200,26100,27000,27900,28800,29700,30600,31500,32400,33300,34200,35100,36000,36900,37800,38700,39600,40500,41400,42300,43200,44100,45000,45900,46800,47700,48600,49500,50400,51300,52200,53100,54000),
array(1500,2250,3000,3750,4500,5250,6000,6750,7500,8250,9000,9750,10500,11250,12000,12750,13500,14250,15000,15750,16500,17250,18000,18750,19500,20250,21000,21750,22500,23250,24000,24750,25500,26250,27000,27750,28500,29250,30000,30750,31500,32250,33000,33750,34500,35250,36000,36750,37500,38250,39000,39750,40500,41250,42000,42750,43500,44250,45000),
array(1500,1800,2400,3000,3600,4200,4800,5400,6000,6600,7200,7800,8400,9000,9600,10200,10800,11400,12000,12600,13200,13800,14400,15000,15600,16200,16800,17400,18000,18600,19200,19800,20400,21000,21600,22200,22800,23400,24000,24600,25200,25800,26400,27000,27600,28200,28800,29400,30000,30600,31200,31800,32400,33000,33600,34200,34800,35400,36000),
array(1500,1500,1800,2250,2700,3150,3600,4050,4500,4950,5400,5850,6300,6750,7200,7650,8100,8550,9000,9450,9900,10350,10800,11250,11700,12150,12600,13050,13500,13950,14400,14850,15300,15750,16200,16650,17100,17550,18000,18450,18900,19350,19800,20250,20700,21150,21600,22050,22500,22950,23400,23850,24300,24750,25200,25650,26100,26550,27000),
array(1500,1500,1500,1500,1800,2100,2400,2700,3000,3300,3600,3900,4200,4500,4800,5100,5400,5700,6000,6300,6600,6900,7200,7500,7800,8100,8400,8700,9000,9300,9600,9900,10200,10500,10800,11100,11400,11700,12000,12300,12600,12900,13200,13500,13800,14100,14400,14700,15000,15300,15600,15900,16200,16500,16800,17100,17400,17700,18000));

$array_h = array (1.5,1.4,1.3,1.2,1.1,1.0,0.9,0.8,0.7,0.6,0.5,0.4,0.3,0.2);


$array_w = array(0.2,0.3,0.4,0.5,0.6,0.7,0.8,0.9,1,1.1,1.2,1.3,1.4,1.5,1.6,1.7,1.8,1.9,2.0,2.1,2.2,2.3,2.4,2.5,2.6,2.7,2.8,2.9,3.0,3.1,3.2,3.3,3.4,3.5,3.6,3.7,3.8,3.9,4.0,4.1,4.2,4.3,4.4,4.5,4.6,4.7,4.8,4.9,5.0,5.1,5.2,5.3,5.4,5.5,5.6,5.7,5.8,5.9,6.0);