<?
$arr = array(
array(5100,7650,10200,12750,15300,17850,20400,22950,25500,28050,30600,33150,35700,38250,40800,43350,45900,48450,51000,53550,56100,58650,61200,63750,66300,68850,71400,73950,76500,79050,81600,84150,86700,89250,91800,94350,96900,99450,102000,104550,107100,109650,112200,114750,117300,119850,122400,124950,127500,130050,132600,135150,137700,140250,142800,145350,147900,150450,153000),
array(4760,7140,9520,11900,14280,16660,19040,21420,23800,26180,28560,30940,33320,35700,38080,40460,42840,45220,47600,49980,52360,54740,57120,59500,61880,64260,66640,69020,71400,73780,76160,78540,80920,83300,85680,88060,90440,92820,95200,97580,99960,102340,104720,107100,109480,111860,114240,116620,119000,121380,123760,126140,128520,130900,133280,135660,138040,140420,142800),
array(4420,6630,8840,11050,13260,15470,17680,19890,22100,24310,26520,28730,30940,33150,35360,37570,39780,41990,44200,46410,48620,50830,53040,55250,57460,59670,61880,64090,66300,68510,70720,72930,75140,77350,79560,81770,83980,86190,88400,90610,92820,95030,97240,99450,101660,103870,106080,108290,110500,112710,114920,117130,119340,121550,123760,125970,128180,130390,132600),
array(4080,6120,8160,10200,12240,14280,16320,18360,20400,22440,24480,26520,28560,30600,32640,34680,36720,38760,40800,42840,44880,46920,48960,51000,53040,55080,57120,59160,61200,63240,65280,67320,69360,71400,73440,75480,77520,79560,81600,83640,85680,87720,89760,91800,93840,95880,97920,99960,102000,104040,106080,108120,110160,112200,114240,116280,118320,120360,122400),
array(3740,5610,7480,9350,11220,13090,14960,16830,18700,20570,22440,24310,26180,28050,29920,31790,33660,35530,37400,39270,41140,43010,44880,46750,48620,50490,52360,54230,56100,57970,59840,61710,63580,65450,67320,69190,71060,72930,74800,76670,78540,80410,82280,84150,86020,87890,89760,91630,93500,95370,97240,99110,100980,102850,104720,106590,108460,110330,112200),
array(3400,5100,8500,10767,13317,15867,18417,20967,23517,26067,28617,31167,33717,36267,38817,41367,43917,46467,49017,51567,54117,56667,59217,61767,64317,66867,69417,71967,74517,77067,79617,82167,84717,87267,89817,92367,94917,97467,100017,102567,105117,107667,110217,112767,115317,117867,120417,122967,125517,128067,130617,133167,135717,138267,140817,143367,145917,148467,151017),
array(3060,4590,6120,7650,9180,10710,12240,13770,15300,16830,18360,19890,21420,22950,24480,26010,27540,29070,30600,32130,33660,35190,36720,38250,39780,41310,42840,44370,45900,47430,48960,50490,52020,53550,55080,56610,58140,59670,61200,62730,64260,65790,67320,68850,70380,71910,73440,74970,76500,78030,79560,81090,82620,84150,85680,87210,88740,90270,91800),
array(2720,4080,5440,6800,8160,9520,10880,12240,13600,14960,16320,17680,19040,20400,21760,23120,24480,25840,27200,28560,29920,31280,32640,34000,35360,36720,38080,39440,40800,42160,43520,44880,46240,47600,48960,50320,51680,53040,54400,55760,57120,58480,59840,61200,62560,63920,65280,66640,68000,69360,70720,72080,73440,74800,76160,77520,78880,80240,81600),
array(2380,3570,4760,5950,7140,8330,9520,10710,11900,13090,14280,15470,16660,17850,19040,20230,21420,22610,23800,24990,26180,27370,28560,29750,30940,32130,33320,34510,35700,36890,38080,39270,40460,41650,42840,44030,45220,46410,47600,48790,49980,51170,52360,53550,54740,55930,57120,58310,59500,60690,61880,63070,64260,65450,66640,67830,69020,70210,71400),
array(2040,3060,4080,5100,6120,7140,8160,9180,10200,11220,12240,13260,14280,15300,16320,17340,18360,19380,20400,21420,22440,23460,24480,25500,26520,27540,28560,29580,30600,31620,32640,33660,34680,35700,36720,37740,38760,39780,40800,41820,42840,43860,44880,45900,46920,47940,48960,49980,51000,52020,53040,54060,55080,56100,57120,58140,59160,60180,61200),
array(2040,2550,3400,4250,5100,5950,6800,7650,8500,9350,10200,11050,11900,12750,13600,14450,15300,16150,17000,17850,18700,19550,20400,21250,22100,22950,23800,24650,25500,26350,27200,28050,28900,29750,30600,31450,32300,33150,34000,34850,35700,36550,37400,38250,39100,39950,40800,41650,42500,43350,44200,45050,45900,46750,47600,48450,49300,50150,51000),
array(2040,2720,3400,4080,4760,5440,6120,6800,7480,8160,8840,9520,10200,10880,11560,12240,12920,13600,14280,14960,15640,16320,17000,17680,18360,19040,19720,20400,21080,21760,22440,23120,23800,24480,25160,25840,26520,27200,27880,28560,29240,29920,30600,31280,31960,32640,33320,34000,34680,35360,36040,36720,37400,38080,38760,39440,40120,40800,41480),
array(1500,1530,2040,2550,3060,3570,4080,4590,5100,5610,6120,6630,7140,7650,8160,8670,9180,9690,10200,10710,11220,11730,12240,12750,13260,13770,14280,14790,15300,15810,16320,16830,17340,17850,18360,18870,19380,19890,20400,20910,21420,21930,22440,22950,23460,23970,24480,24990,25500,26010,26520,27030,27540,28050,28560,29070,29580,30090,30600),
array(1500,1500,1500,1700,2040,2380,2720,3060,3400,3740,4080,4420,4760,5100,5440,5780,6120,6460,6800,7140,7480,7820,8160,8500,8840,9180,9520,9860,10200,10540,10880,11220,11560,11900,12240,12580,12920,13260,13600,13940,14280,14620,14960,15300,15640,15980,16320,16660,17000,17340,17680,18020,18360,18700,19040,19380,19720,20060,20400));

$array_h = array (1.5,1.4,1.3,1.2,1.1,1.0,0.9,0.8,0.7,0.6,0.5,0.4,0.3,0.2);


$array_w = array(0.2,0.3,0.4,0.5,0.6,0.7,0.8,0.9,1,1.1,1.2,1.3,1.4,1.5,1.6,1.7,1.8,1.9,2.0,2.1,2.2,2.3,2.4,2.5,2.6,2.7,2.8,2.9,3.0,3.1,3.2,3.3,3.4,3.5,3.6,3.7,3.8,3.9,4.0,4.1,4.2,4.3,4.4,4.5,4.6,4.7,4.8,4.9,5.0,5.1,5.2,5.3,5.4,5.5,5.6,5.7,5.8,5.9,6.0);