<?
$arr = array(
array(3600,5400,7200,9000,10800,12600,14400,16200,18000,19800,21600,23400,25200,27000,28800,30600,32400,34200,36000,37800,39600,41400,43200,45000,46800,48600,50400,52200,54000,55800,57600,59400,61200,63000,64800,66600,68400,70200,72000,73800,75600,77400,79200,81000,82800,84600,86400,88200,90000,91800,93600,95400,97200,99000,100800,102600,104400,106200,108000),
array(3360,5040,6720,8400,10080,11760,13440,15120,16800,18480,20160,21840,23520,25200,26880,28560,30240,31920,33600,35280,36960,38640,40320,42000,43680,45360,47040,48720,50400,52080,53760,55440,57120,58800,60480,62160,63840,65520,67200,68880,70560,72240,73920,75600,77280,78960,80640,82320,84000,85680,87360,89040,90720,92400,94080,95760,97440,99120,100800),
array(3120,4680,6240,7800,9360,10920,12480,14040,15600,17160,18720,20280,21840,23400,24960,26520,28080,29640,31200,32760,34320,35880,37440,39000,40560,42120,43680,45240,46800,48360,49920,51480,53040,54600,56160,57720,59280,60840,62400,63960,65520,67080,68640,70200,71760,73320,74880,76440,78000,79560,81120,82680,84240,85800,87360,88920,90480,92040,93600),
array(2880,4320,5760,7200,8640,10080,11520,12960,14400,15840,17280,18720,20160,21600,23040,24480,25920,27360,28800,30240,31680,33120,34560,36000,37440,38880,40320,41760,43200,44640,46080,47520,48960,50400,51840,53280,54720,56160,57600,59040,60480,61920,63360,64800,66240,67680,69120,70560,72000,73440,74880,76320,77760,79200,80640,82080,83520,84960,86400),
array(2640,3960,5280,6600,7920,9240,10560,11880,13200,14520,15840,17160,18480,19800,21120,22440,23760,25080,26400,27720,29040,30360,31680,33000,34320,35640,36960,38280,39600,40920,42240,43560,44880,46200,47520,48840,50160,51480,52800,54120,55440,56760,58080,59400,60720,62040,63360,64680,66000,67320,68640,69960,71280,72600,73920,75240,76560,77880,79200),
array(2400,3600,4800,6000,7200,8400,9600,10800,12000,13200,14400,15600,16800,18000,19200,20400,21600,22800,24000,25200,26400,27600,28800,30000,31200,32400,33600,34800,36000,37200,38400,39600,40800,42000,43200,44400,45600,46800,48000,49200,50400,51600,52800,54000,55200,56400,57600,58800,60000,61200,62400,63600,64800,66000,67200,68400,69600,70800,72000),
array(2160,3240,4320,5400,6480,7560,8640,9720,10800,11880,12960,14040,15120,16200,17280,18360,19440,20520,21600,22680,23760,24840,25920,27000,28080,29160,30240,31320,32400,33480,34560,35640,36720,37800,38880,39960,41040,42120,43200,44280,45360,46440,47520,48600,49680,50760,51840,52920,54000,55080,56160,57240,58320,59400,60480,61560,62640,63720,64800),
array(2100,2880,3840,4800,5760,6720,7680,8640,9600,10560,11520,12480,13440,14400,15360,16320,17280,18240,19200,20160,21120,22080,23040,24000,24960,25920,26880,27840,28800,29760,30720,31680,32640,33600,34560,35520,36480,37440,38400,39360,40320,41280,42240,43200,44160,45120,46080,47040,48000,48960,49920,50880,51840,52800,53760,54720,55680,56640,57600),
array(2100,2520,3360,4200,5040,5880,6720,7560,8400,9240,10080,10920,11760,12600,13440,14280,15120,15960,16800,17640,18480,19320,20160,21000,21840,22680,23520,24360,25200,26040,26880,27720,28560,29400,30240,31080,31920,32760,33600,34440,35280,36120,36960,37800,38640,39480,40320,41160,42000,42840,43680,44520,45360,46200,47040,47880,48720,49560,50400),
array(1800,2160,2880,3600,4320,5040,5760,6480,7200,7920,8640,9360,10080,10800,11520,12240,12960,13680,14400,15120,15840,16560,17280,18000,18720,19440,20160,20880,21600,22320,23040,23760,24480,25200,25920,26640,27360,28080,28800,29520,30240,30960,31680,32400,33120,33840,34560,35280,36000,36720,37440,38160,38880,39600,40320,41040,41760,42480,43200),
array(1800,2000,2400,3000,3600,4200,4800,5400,6000,6600,7200,7800,8400,9000,9600,10200,10800,11400,12000,12600,13200,13800,14400,15000,15600,16200,16800,17400,18000,18600,19200,19800,20400,21000,21600,22200,22800,23400,24000,24600,25200,25800,26400,27000,27600,28200,28800,29400,30000,30600,31200,31800,32400,33000,33600,34200,34800,35400,36000),
array(1800,1800,1920,2400,2880,3360,3840,4320,4800,5280,5760,6240,6720,7200,7680,8160,8640,9120,9600,10080,10560,11040,11520,12000,12480,12960,13440,13920,14400,14880,15360,15840,16320,16800,17280,17760,18240,18720,19200,19680,20160,20640,21120,21600,22080,22560,23040,23520,24000,24480,24960,25440,25920,26400,26880,27360,27840,28320,28800),
array(1500,1500,1800,1800,2160,2520,2880,3240,3600,3960,4320,4680,5040,5400,5760,6120,6480,6840,7200,7560,7920,8280,8640,9000,9360,9720,10080,10440,10800,11160,11520,11880,12240,12600,12960,13320,13680,14040,14400,14760,15120,15480,15840,16200,16560,16920,17280,17640,18000,18360,18720,19080,19440,19800,20160,20520,20880,21240,21600),
array(1500,1500,1500,1500,1500,1680,1920,2160,2400,2640,2880,3120,3360,3600,3840,4080,4320,4560,4800,5040,5280,5520,5760,6000,6240,6480,6720,6960,7200,7440,7680,7920,8160,8400,8640,8880,9120,9360,9600,9840,10080,10320,10560,10800,11040,11280,11520,11760,12000,12240,12480,12720,12960,13200,13440,13680,13920,14160,14400));

$array_h = array (1.5,1.4,1.3,1.2,1.1,1.0,0.9,0.8,0.7,0.6,0.5,0.4,0.3,0.2);


$array_w = array(0.2,0.3,0.4,0.5,0.6,0.7,0.8,0.9,1,1.1,1.2,1.3,1.4,1.5,1.6,1.7,1.8,1.9,2.0,2.1,2.2,2.3,2.4,2.5,2.6,2.7,2.8,2.9,3.0,3.1,3.2,3.3,3.4,3.5,3.6,3.7,3.8,3.9,4.0,4.1,4.2,4.3,4.4,4.5,4.6,4.7,4.8,4.9,5.0,5.1,5.2,5.3,5.4,5.5,5.6,5.7,5.8,5.9,6.0);
