<?
$arr = array(
array(3450,5175,6900,8625,10350,12075,13800,15525,17250,18975,20700,22425,24150,25875,27600,29325,31050,32775,34500,36225,37950,39675,41400,43125,44850,46575,48300,50025,51750),
array(3220,4830,6440,8050,9660,11270,12880,14490,16100,17710,19320,20930,22540,24150,25760,27370,28980,30590,32200,33810,35420,37030,38640,40250,41860,43470,45080,46690,48300),
array(2990,4485,5980,7475,8970,10465,11960,13455,14950,16445,17940,19435,20930,22425,23920,25415,26910,28405,29900,31395,32890,34385,35880,37375,38870,40365,41860,43355,44850),
array(2760,4140,5520,6900,8280,9660,11040,12420,13800,15180,16560,17940,19320,20700,22080,23460,24840,26220,27600,28980,30360,31740,33120,34500,35880,37260,38640,40020,41400),
array(2530,3795,5060,6325,7590,8855,10120,11385,12650,13915,15180,16445,17710,18975,20240,21505,22770,24035,25300,26565,27830,29095,30360,31625,32890,34155,35420,36685,37950),
array(2300,3450,4600,5750,6900,8050,9200,10350,11500,12650,13800,14950,16100,17250,18400,19550,20700,21850,23000,24150,25300,26450,27600,28750,29900,31050,32200,33350,34500),
array(2070,3105,4140,5175,6210,7245,8280,9315,10350,11385,12420,13455,14490,15525,16560,17595,18630,19665,20700,21735,22770,23805,24840,25875,26910,27945,28980,30015,31050),
array(1840,2760,3680,4600,5520,6440,7360,8280,9200,10120,11040,11960,12880,13800,14720,15640,16560,17480,18400,19320,20240,21160,22080,23000,23920,24840,25760,26680,27600),
array(1610,2415,3220,4025,4830,5635,6440,7245,8050,8855,9660,10465,11270,12075,12880,13685,14490,15295,16100,16905,17710,18515,19320,20125,20930,21735,22540,23345,24150),
array(1380,2070,2760,3450,4140,4830,5520,6210,6900,7590,8280,8970,9660,10350,11040,11730,12420,13110,13800,14490,15180,15870,16560,17250,17940,18630,19320,20010,20700),
array(1150,1725,2300,2875,3450,4025,4600,5175,5750,6325,6900,7475,8050,8625,9200,9775,10350,10925,11500,12075,12650,13225,13800,14375,14950,15525,16100,16675,17250),
array(1035,1380,1840,2300,2760,3220,3680,4140,4600,5060,5520,5980,6440,6900,7360,7820,8280,8740,9200,9660,10120,10580,11040,11500,11960,12420,12880,13340,13800),
array(920,1035,1380,1725,2070,2415,2760,3105,3450,3795,4140,4485,4830,5175,5520,5865,6210,6555,6900,7245,7590,7935,8280,8625,8970,9315,9660,10005,10350),
array(920,920,920,1150,1380,1610,1840,2070,2300,2530,2760,2990,3220,3450,3680,3910,4140,4370,4600,4830,5060,5290,5520,5750,5980,6210,6440,6670,6900));


$array_h = array (1.5,1.4,1.3,1.2,1.1,1.0,0.9,0.8,0.7,0.6,0.5,0.4,0.3,0.2);

$array_w = array(0.2,0.3,0.4,0.5,0.6,0.7,0.8,0.9,1,1.1,1.2,1.3,1.4,1.5,1.6,1.7,1.8,1.9,2.0,2.1,2.2,2.3,2.4,2.5,2.6,2.7,2.8,2.9,3.0);


