<?
$arr = array(
array(54,60,72),
array(72,80,96),
array(90,100,120),
array(108,120,144),
array(126,140,168),
array(144,160,192),
array(162,180,216),
array(180,200,240),
array(198,220,264),
array(216,240,288),
array(234,260,312),
array(252,280,336),
array(270,300,360),
array(288,320,384),
array(306,340,408),
array(324,360,432),
array(342,380,456),
array(360,400,480),
array(378,420,504),
array(396,440,528),
array(414,460,552),
array(432,480,576),
array(450,500,600),
array(468,520,624),
array(486,540,648),
array(504,560,672),
array(522,580,696),
array(540,600,720),
array(558,620,744),
array(576,640,768),
array(594,660,792),
array(612,680,816),
array(630,700,840),
array(648,720,864),
array(666,740,888),
array(684,760,912),
array(702,780,936),
array(720,800,960),
array(738,820,984),
array(756,840,1008),
array(774,860,1032),
array(792,880,1056),
array(810,900,1080),
array(828,920,1104),
array(846,940,1128),
array(864,960,1152),
array(882,980,1176),
array(900,1000,1200),
array(918,1020,1224),
array(936,1040,1248),
array(954,1060,1272),
array(972,1080,1296),
array(990,1100,1320),
array(1008,1120,1344),
array(1026,1140,1368),
array(1044,1160,1392),
array(1062,1180,1416),
array(1080,1200,1440),
array(1098,1220,1464),
array(1116,1240,1488),
array(1134,1260,1512),
array(1152,1280,1536),
array(1170,1300,1560),
array(1188,1320,1584),
array(1206,1340,1608),
array(1224,1360,1632),
array(1242,1380,1656),
array(1260,1400,1680),
array(1278,1420,1704),
array(1296,1440,1728),
array(1314,1460,1752),
array(1332,1480,1776),
array(1350,1500,1800),
array(1368,1520,1824),
array(1386,1540,1848),
array(1404,1560,1872),
array(1422,1580,1896),
array(1440,1600,1920),
array(1458,1620,1944),
array(1476,1640,1968),
array(1494,1660,1992),
array(1512,1680,2016),
array(1530,1700,2040),
array(1548,1720,2064),
array(1566,1740,2088),
array(1584,1760,2112),
array(1602,1780,2136),
array(1620,1800,2160),
array(1638,1820,2184),
array(1656,1840,2208),
array(1674,1860,2232),
array(1692,1880,2256),
array(1710,1900,2280),
array(1728,1920,2304),
array(1746,1940,2328),
array(1764,1960,2352),
array(1782,1980,2376),
array(1800,2000,2400),
array(1818,2020,2424),
array(1836,2040,2448),
array(1854,2060,2472),
array(1872,2080,2496),
array(1890,2100,2520),
array(1908,2120,2544),
array(1926,2140,2568),
array(1944,2160,2592),
array(1962,2180,2616),
array(1980,2200,2640),
array(1998,2220,2664),
array(2016,2240,2688),
array(2034,2260,2712),
array(2052,2280,2736),
array(2070,2300,2760),
array(2088,2320,2784),
array(2106,2340,2808),
array(2124,2360,2832),
array(2142,2380,2856),
array(2160,2400,2880),
array(2178,2420,2904),
array(2196,2440,2928),
array(2214,2460,2952),
array(2232,2480,2976),
array(2250,2500,3000),
array(2268,2520,3024),
array(2286,2540,3048),
array(2304,2560,3072),
array(2322,2580,3096),
array(2340,2600,3120),
array(2358,2620,3144),
array(2376,2640,3168),
array(2394,2660,3192),
array(2412,2680,3216),
array(2430,2700,3240),
array(2448,2720,3264),
array(2466,2740,3288),
array(2484,2760,3312),
array(2502,2780,3336),
array(2520,2800,3360),
array(2538,2820,3384),
array(2556,2840,3408),
array(2574,2860,3432),
array(2592,2880,3456),
array(2610,2900,3480),
array(2628,2920,3504),
array(2646,2940,3528),
array(2664,2960,3552),
array(2682,2980,3576),
array(2700,3000,3600));


$array_h = array(3,4,5,6,7,8,9,10,11,12,13,14,15,16,17,18,19,20,21,22,23,24,25,26,27,28,29,30,31,32,33,34,35,36,37,38,39,40,41,42,43,44,45,46,47,48,49,50,51,52,53,54,55,56,57,58,59,60,61,62,63,64,65,66,67,68,69,70,71,72,73,74,75,76,77,78,79,80,81,82,83,84,85,86,87,88,89,90,91,92,93,94,95,96,97,98,99,100,101,102,103,104,105,106,107,108,109,110,111,112,113,114,115,116,117,118,119,120,121,122,123,124,125,126,127,128,129,130,131,132,133,134,135,136,137,138,139,140,141,142,143,144,145,146,147,148,149,150);


$array_w = array(sansserif,serif,decorative);
