<?
$arr = array(
array(276,300,312),
array(368,400,416),
array(460,500,520),
array(552,600,624),
array(644,700,728),
array(736,800,832),
array(828,900,936),
array(920,1000,1040),
array(1012,1100,1144),
array(1104,1200,1248),
array(1196,1300,1352),
array(1288,1400,1456),
array(1380,1500,1560),
array(1472,1600,1664),
array(1564,1700,1768),
array(1656,1800,1872),
array(1748,1900,1976),
array(1840,2000,2080),
array(1932,2100,2184),
array(2024,2200,2288),
array(2116,2300,2392),
array(2208,2400,2496),
array(2300,2500,2600),
array(2392,2600,2704),
array(2484,2700,2808),
array(2576,2800,2912),
array(2668,2900,3016),
array(2760,3000,3120),
array(2852,3100,3224),
array(2944,3200,3328),
array(3036,3300,3432),
array(3128,3400,3536),
array(3220,3500,3640),
array(3312,3600,3744),
array(3404,3700,3848),
array(3496,3800,3952),
array(3588,3900,4056),
array(3680,4000,4160),
array(3772,4100,4264),
array(3864,4200,4368),
array(3956,4300,4472),
array(4048,4400,4576),
array(4140,4500,4680),
array(4232,4600,4784),
array(4324,4700,4888),
array(4416,4800,4992),
array(4508,4900,5096),
array(4600,5000,5200),
array(4692,5100,5304),
array(4784,5200,5408),
array(4876,5300,5512),
array(4968,5400,5616),
array(5060,5500,5720),
array(5152,5600,5824),
array(5244,5700,5928),
array(5336,5800,6032),
array(5428,5900,6136),
array(5520,6000,6240),
array(5612,6100,6344),
array(5704,6200,6448),
array(5796,6300,6552),
array(5888,6400,6656),
array(5980,6500,6760),
array(6072,6600,6864),
array(6164,6700,6968),
array(6256,6800,7072),
array(6348,6900,7176),
array(6440,7000,7280),
array(6532,7100,7384),
array(6624,7200,7488),
array(6716,7300,7592),
array(6808,7400,7696),
array(6900,7500,7800),
array(6992,7600,7904),
array(7084,7700,8008),
array(7176,7800,8112),
array(7268,7900,8216),
array(7360,8000,8320),
array(7452,8100,8424),
array(7544,8200,8528),
array(7636,8300,8632),
array(7728,8400,8736),
array(7820,8500,8840),
array(7912,8600,8944),
array(8004,8700,9048),
array(8096,8800,9152),
array(8188,8900,9256),
array(8280,9000,9360),
array(8372,9100,9464),
array(8464,9200,9568),
array(8556,9300,9672),
array(8648,9400,9776),
array(8740,9500,9880),
array(8832,9600,9984),
array(8924,9700,10088),
array(9016,9800,10192),
array(9108,9900,10296),
array(9200,10000,10400),
array(9292,10100,10504),
array(9384,10200,10608),
array(9476,10300,10712),
array(9568,10400,10816),
array(9660,10500,10920),
array(9752,10600,11024),
array(9844,10700,11128),
array(9936,10800,11232),
array(10028,10900,11336),
array(10120,11000,11440),
array(10212,11100,11544),
array(10304,11200,11648),
array(10396,11300,11752),
array(10488,11400,11856),
array(10580,11500,11960),
array(10672,11600,12064),
array(10764,11700,12168),
array(10856,11800,12272),
array(10948,11900,12376),
array(11040,12000,12480),
array(11132,12100,12584),
array(11224,12200,12688),
array(11316,12300,12792),
array(11408,12400,12896),
array(11500,12500,13000),
array(11592,12600,13104),
array(11684,12700,13208),
array(11776,12800,13312),
array(11868,12900,13416),
array(11960,13000,13520),
array(12052,13100,13624),
array(12144,13200,13728),
array(12236,13300,13832),
array(12328,13400,13936),
array(12420,13500,14040),
array(12512,13600,14144),
array(12604,13700,14248),
array(12696,13800,14352),
array(12788,13900,14456),
array(12880,14000,14560),
array(12972,14100,14664),
array(13064,14200,14768),
array(13156,14300,14872),
array(13248,14400,14976),
array(13340,14500,15080),
array(13432,14600,15184),
array(13524,14700,15288),
array(13616,14800,15392),
array(13708,14900,15496),
array(13800,15000,15600));


$array_h = array(3,4,5,6,7,8,9,10,11,12,13,14,15,16,17,18,19,20,21,22,23,24,25,26,27,28,29,30,31,32,33,34,35,36,37,38,39,40,41,42,43,44,45,46,47,48,49,50,51,52,53,54,55,56,57,58,59,60,61,62,63,64,65,66,67,68,69,70,71,72,73,74,75,76,77,78,79,80,81,82,83,84,85,86,87,88,89,90,91,92,93,94,95,96,97,98,99,100,101,102,103,104,105,106,107,108,109,110,111,112,113,114,115,116,117,118,119,120,121,122,123,124,125,126,127,128,129,130,131,132,133,134,135,136,137,138,139,140,141,142,143,144,145,146,147,148,149,150);


$array_w = array(sansserif,serif,decorative);