<?
$arr = array(
array(270,282,294),
array(360,376,392),
array(450,470,490),
array(540,564,588),
array(630,658,686),
array(720,752,784),
array(810,846,882),
array(900,940,980),
array(990,1034,1078),
array(1080,1128,1176),
array(1170,1222,1274),
array(1260,1316,1372),
array(1350,1410,1470),
array(1440,1504,1568),
array(1530,1598,1666),
array(1620,1692,1764),
array(1710,1786,1862),
array(1800,1880,1960),
array(1890,1974,2058),
array(1980,2068,2156),
array(2070,2162,2254),
array(2160,2256,2352),
array(2250,2350,2450),
array(2340,2444,2548),
array(2430,2538,2646),
array(2520,2632,2744),
array(2610,2726,2842),
array(2700,2820,2940),
array(2790,2914,3038),
array(2880,3008,3136),
array(2970,3102,3234),
array(3060,3196,3332),
array(3150,3290,3430),
array(3240,3384,3528),
array(3330,3478,3626),
array(3420,3572,3724),
array(3510,3666,3822),
array(3600,3760,3920),
array(3690,3854,4018),
array(3780,3948,4116),
array(3870,4042,4214),
array(3960,4136,4312),
array(4050,4230,4410),
array(4140,4324,4508),
array(4230,4418,4606),
array(4320,4512,4704),
array(4410,4606,4802),
array(4500,4700,4900),
array(4590,4794,4998),
array(4680,4888,5096),
array(4770,4982,5194),
array(4860,5076,5292),
array(4950,5170,5390),
array(5040,5264,5488),
array(5130,5358,5586),
array(5220,5452,5684),
array(5310,5546,5782),
array(5400,5640,5880),
array(5490,5734,5978),
array(5580,5828,6076),
array(5670,5922,6174),
array(5760,6016,6272),
array(5850,6110,6370),
array(5940,6204,6468),
array(6030,6298,6566),
array(6120,6392,6664),
array(6210,6486,6762),
array(6300,6580,6860),
array(6390,6674,6958),
array(6480,6768,7056),
array(6570,6862,7154),
array(6660,6956,7252),
array(6750,7050,7350),
array(6840,7144,7448),
array(6930,7238,7546),
array(7020,7332,7644),
array(7110,7426,7742),
array(7200,7520,7840),
array(7290,7614,7938),
array(7380,7708,8036),
array(7470,7802,8134),
array(7560,7896,8232),
array(7650,7990,8330),
array(7740,8084,8428),
array(7830,8178,8526),
array(7920,8272,8624),
array(8010,8366,8722),
array(8100,8460,8820),
array(8190,8554,8918),
array(8280,8648,9016),
array(8370,8742,9114),
array(8460,8836,9212),
array(8550,8930,9310),
array(8640,9024,9408),
array(8730,9118,9506),
array(8820,9212,9604),
array(8910,9306,9702),
array(9000,9400,9800),
array(9090,9494,9898),
array(9180,9588,9996),
array(9270,9682,10094),
array(9360,9776,10192),
array(9450,9870,10290),
array(9540,9964,10388),
array(9630,10058,10486),
array(9720,10152,10584),
array(9810,10246,10682),
array(9900,10340,10780),
array(9990,10434,10878),
array(10080,10528,10976),
array(10170,10622,11074),
array(10260,10716,11172),
array(10350,10810,11270),
array(10440,10904,11368),
array(10530,10998,11466),
array(10620,11092,11564),
array(10710,11186,11662),
array(10800,11280,11760),
array(10890,11374,11858),
array(10980,11468,11956),
array(11070,11562,12054),
array(11160,11656,12152),
array(11250,11750,12250),
array(11340,11844,12348),
array(11430,11938,12446),
array(11520,12032,12544),
array(11610,12126,12642),
array(11700,12220,12740),
array(11790,12314,12838),
array(11880,12408,12936),
array(11970,12502,13034),
array(12060,12596,13132),
array(12150,12690,13230),
array(12240,12784,13328),
array(12330,12878,13426),
array(12420,12972,13524),
array(12510,13066,13622),
array(12600,13160,13720),
array(12690,13254,13818),
array(12780,13348,13916),
array(12870,13442,14014),
array(12960,13536,14112),
array(13050,13630,14210),
array(13140,13724,14308),
array(13230,13818,14406),
array(13320,13912,14504),
array(13410,14006,14602),
array(13500,14100,14700));


$array_h = array(3,4,5,6,7,8,9,10,11,12,13,14,15,16,17,18,19,20,21,22,23,24,25,26,27,28,29,30,31,32,33,34,35,36,37,38,39,40,41,42,43,44,45,46,47,48,49,50,51,52,53,54,55,56,57,58,59,60,61,62,63,64,65,66,67,68,69,70,71,72,73,74,75,76,77,78,79,80,81,82,83,84,85,86,87,88,89,90,91,92,93,94,95,96,97,98,99,100,101,102,103,104,105,106,107,108,109,110,111,112,113,114,115,116,117,118,119,120,121,122,123,124,125,126,127,128,129,130,131,132,133,134,135,136,137,138,139,140,141,142,143,144,145,146,147,148,149,150);


$array_w = array(sansserif,serif,decorative);