<?
$arr = array(
array(291,315,327),
array(388,420,436),
array(485,525,545),
array(582,630,654),
array(679,735,763),
array(776,840,872),
array(873,945,981),
array(970,1050,1090),
array(1067,1155,1199),
array(1164,1260,1308),
array(1261,1365,1417),
array(1358,1470,1526),
array(1455,1575,1635),
array(1552,1680,1744),
array(1649,1785,1853),
array(1746,1890,1962),
array(1843,1995,2071),
array(1940,2100,2180),
array(2037,2205,2289),
array(2134,2310,2398),
array(2231,2415,2507),
array(2328,2520,2616),
array(2425,2625,2725),
array(2522,2730,2834),
array(2619,2835,2943),
array(2716,2940,3052),
array(2813,3045,3161),
array(2910,3150,3270),
array(3007,3255,3379),
array(3104,3360,3488),
array(3201,3465,3597),
array(3298,3570,3706),
array(3395,3675,3815),
array(3492,3780,3924),
array(3589,3885,4033),
array(3686,3990,4142),
array(3783,4095,4251),
array(3880,4200,4360),
array(3977,4305,4469),
array(4074,4410,4578),
array(4171,4515,4687),
array(4268,4620,4796),
array(4365,4725,4905),
array(4462,4830,5014),
array(4559,4935,5123),
array(4656,5040,5232),
array(4753,5145,5341),
array(4850,5250,5450),
array(4947,5355,5559),
array(5044,5460,5668),
array(5141,5565,5777),
array(5238,5670,5886),
array(5335,5775,5995),
array(5432,5880,6104),
array(5529,5985,6213),
array(5626,6090,6322),
array(5723,6195,6431),
array(5820,6300,6540),
array(5917,6405,6649),
array(6014,6510,6758),
array(6111,6615,6867),
array(6208,6720,6976),
array(6305,6825,7085),
array(6402,6930,7194),
array(6499,7035,7303),
array(6596,7140,7412),
array(6693,7245,7521),
array(6790,7350,7630),
array(6887,7455,7739),
array(6984,7560,7848),
array(7081,7665,7957),
array(7178,7770,8066),
array(7275,7875,8175),
array(7372,7980,8284),
array(7469,8085,8393),
array(7566,8190,8502),
array(7663,8295,8611),
array(7760,8400,8720),
array(7857,8505,8829),
array(7954,8610,8938),
array(8051,8715,9047),
array(8148,8820,9156),
array(8245,8925,9265),
array(8342,9030,9374),
array(8439,9135,9483),
array(8536,9240,9592),
array(8633,9345,9701),
array(8730,9450,9810),
array(8827,9555,9919),
array(8924,9660,10028),
array(9021,9765,10137),
array(9118,9870,10246),
array(9215,9975,10355),
array(9312,10080,10464),
array(9409,10185,10573),
array(9506,10290,10682),
array(9603,10395,10791),
array(9700,10500,10900),
array(9797,10605,11009),
array(9894,10710,11118),
array(9991,10815,11227),
array(10088,10920,11336),
array(10185,11025,11445),
array(10282,11130,11554),
array(10379,11235,11663),
array(10476,11340,11772),
array(10573,11445,11881),
array(10670,11550,11990),
array(10767,11655,12099),
array(10864,11760,12208),
array(10961,11865,12317),
array(11058,11970,12426),
array(11155,12075,12535),
array(11252,12180,12644),
array(11349,12285,12753),
array(11446,12390,12862),
array(11543,12495,12971),
array(11640,12600,13080),
array(11737,12705,13189),
array(11834,12810,13298),
array(11931,12915,13407),
array(12028,13020,13516),
array(12125,13125,13625),
array(12222,13230,13734),
array(12319,13335,13843),
array(12416,13440,13952),
array(12513,13545,14061),
array(12610,13650,14170),
array(12707,13755,14279),
array(12804,13860,14388),
array(12901,13965,14497),
array(12998,14070,14606),
array(13095,14175,14715),
array(13192,14280,14824),
array(13289,14385,14933),
array(13386,14490,15042),
array(13483,14595,15151),
array(13580,14700,15260),
array(13677,14805,15369),
array(13774,14910,15478),
array(13871,15015,15587),
array(13968,15120,15696),
array(14065,15225,15805),
array(14162,15330,15914),
array(14259,15435,16023),
array(14356,15540,16132),
array(14453,15645,16241),
array(14550,15750,16350));


$array_h = array(3,4,5,6,7,8,9,10,11,12,13,14,15,16,17,18,19,20,21,22,23,24,25,26,27,28,29,30,31,32,33,34,35,36,37,38,39,40,41,42,43,44,45,46,47,48,49,50,51,52,53,54,55,56,57,58,59,60,61,62,63,64,65,66,67,68,69,70,71,72,73,74,75,76,77,78,79,80,81,82,83,84,85,86,87,88,89,90,91,92,93,94,95,96,97,98,99,100,101,102,103,104,105,106,107,108,109,110,111,112,113,114,115,116,117,118,119,120,121,122,123,124,125,126,127,128,129,130,131,132,133,134,135,136,137,138,139,140,141,142,143,144,145,146,147,148,149,150);


$array_w = array(sansserif,serif,decorative);

