<?
$arr = array(
array(264,276,288),
array(352,368,384),
array(440,460,480),
array(528,552,576),
array(616,644,672),
array(704,736,768),
array(792,828,864),
array(880,920,960),
array(968,1012,1056),
array(1056,1104,1152),
array(1144,1196,1248),
array(1232,1288,1344),
array(1320,1380,1440),
array(1408,1472,1536),
array(1496,1564,1632),
array(1584,1656,1728),
array(1672,1748,1824),
array(1760,1840,1920),
array(1848,1932,2016),
array(1936,2024,2112),
array(2024,2116,2208),
array(2112,2208,2304),
array(2200,2300,2400),
array(2288,2392,2496),
array(2376,2484,2592),
array(2464,2576,2688),
array(2552,2668,2784),
array(2640,2760,2880),
array(2728,2852,2976),
array(2816,2944,3072),
array(2904,3036,3168),
array(2992,3128,3264),
array(3080,3220,3360),
array(3168,3312,3456),
array(3256,3404,3552),
array(3344,3496,3648),
array(3432,3588,3744),
array(3520,3680,3840),
array(3608,3772,3936),
array(3696,3864,4032),
array(3784,3956,4128),
array(3872,4048,4224),
array(3960,4140,4320),
array(4048,4232,4416),
array(4136,4324,4512),
array(4224,4416,4608),
array(4312,4508,4704),
array(4400,4600,4800),
array(4488,4692,4896),
array(4576,4784,4992),
array(4664,4876,5088),
array(4752,4968,5184),
array(4840,5060,5280),
array(4928,5152,5376),
array(5016,5244,5472),
array(5104,5336,5568),
array(5192,5428,5664),
array(5280,5520,5760),
array(5368,5612,5856),
array(5456,5704,5952),
array(5544,5796,6048),
array(5632,5888,6144),
array(5720,5980,6240),
array(5808,6072,6336),
array(5896,6164,6432),
array(5984,6256,6528),
array(6072,6348,6624),
array(6160,6440,6720),
array(6248,6532,6816),
array(6336,6624,6912),
array(6424,6716,7008),
array(6512,6808,7104),
array(6600,6900,7200),
array(6688,6992,7296),
array(6776,7084,7392),
array(6864,7176,7488),
array(6952,7268,7584),
array(7040,7360,7680),
array(7128,7452,7776),
array(7216,7544,7872),
array(7304,7636,7968),
array(7392,7728,8064),
array(7480,7820,8160),
array(7568,7912,8256),
array(7656,8004,8352),
array(7744,8096,8448),
array(7832,8188,8544),
array(7920,8280,8640),
array(8008,8372,8736),
array(8096,8464,8832),
array(8184,8556,8928),
array(8272,8648,9024),
array(8360,8740,9120),
array(8448,8832,9216),
array(8536,8924,9312),
array(8624,9016,9408),
array(8712,9108,9504),
array(8800,9200,9600),
array(8888,9292,9696),
array(8976,9384,9792),
array(9064,9476,9888),
array(9152,9568,9984),
array(9240,9660,10080),
array(9328,9752,10176),
array(9416,9844,10272),
array(9504,9936,10368),
array(9592,10028,10464),
array(9680,10120,10560),
array(9768,10212,10656),
array(9856,10304,10752),
array(9944,10396,10848),
array(10032,10488,10944),
array(10120,10580,11040),
array(10208,10672,11136),
array(10296,10764,11232),
array(10384,10856,11328),
array(10472,10948,11424),
array(10560,11040,11520),
array(10648,11132,11616),
array(10736,11224,11712),
array(10824,11316,11808),
array(10912,11408,11904),
array(11000,11500,12000),
array(11088,11592,12096),
array(11176,11684,12192),
array(11264,11776,12288),
array(11352,11868,12384),
array(11440,11960,12480),
array(11528,12052,12576),
array(11616,12144,12672),
array(11704,12236,12768),
array(11792,12328,12864),
array(11880,12420,12960),
array(11968,12512,13056),
array(12056,12604,13152),
array(12144,12696,13248),
array(12232,12788,13344),
array(12320,12880,13440),
array(12408,12972,13536),
array(12496,13064,13632),
array(12584,13156,13728),
array(12672,13248,13824),
array(12760,13340,13920),
array(12848,13432,14016),
array(12936,13524,14112),
array(13024,13616,14208),
array(13112,13708,14304),
array(13200,13800,14400));


$array_h = array(3,4,5,6,7,8,9,10,11,12,13,14,15,16,17,18,19,20,21,22,23,24,25,26,27,28,29,30,31,32,33,34,35,36,37,38,39,40,41,42,43,44,45,46,47,48,49,50,51,52,53,54,55,56,57,58,59,60,61,62,63,64,65,66,67,68,69,70,71,72,73,74,75,76,77,78,79,80,81,82,83,84,85,86,87,88,89,90,91,92,93,94,95,96,97,98,99,100,101,102,103,104,105,106,107,108,109,110,111,112,113,114,115,116,117,118,119,120,121,122,123,124,125,126,127,128,129,130,131,132,133,134,135,136,137,138,139,140,141,142,143,144,145,146,147,148,149,150);


$array_w = array(sansserif,serif,decorative);
